image: L81.pgm
resolution: 0.050000
origin: [-48.300000, -49.000000, 0.000000]
negate: 0
occupied_thresh: 0.65
free_thresh: 0.196
