image: L8401-L8421.pgm
resolution: 0.050000
origin: [-2.793464, -11.971611, 0.000000]
negate: 0
occupied_thresh: 0.650000
free_thresh: 0.196000
