image: map_global.pgm
resolution: 0.050000
origin: [-3.707217, -14.279832, 0.000000]
negate: 0
occupied_thresh: 0.650000
free_thresh: 0.196000
